[gd_scene format=3 uid="uid://bs54h756lj6tb"]

[ext_resource type="PackedScene" uid="uid://d1bkjfeyj4qq4" path="res://models/player_model/animations/Walking.fbx" id="1_dwq0k"]
[ext_resource type="Animation" uid="uid://b5ejyxwknyupq" path="res://models/player_model/animations/run/mixamo_com.res" id="2_3falg"]
[ext_resource type="Material" uid="uid://c3itf5rl112l8" path="res://assets/player_texture.tres" id="2_vphkv"]

[sub_resource type="Animation" id="Animation_3falg"]
resource_name = "new_animation"

[sub_resource type="AnimationLibrary" id="AnimationLibrary_vphkv"]
_data = {
&"mixamo_com": ExtResource("2_3falg"),
&"new_animation": SubResource("Animation_3falg")
}

[node name="Walking" unique_id=625941109 instance=ExtResource("1_dwq0k")]

[node name="Skeleton3D" parent="." index="0" unique_id=1874808199]
bones/1/rest = Transform3D(1, 0, 0, 0, 0.9975107, 0.07051455, 0, -0.07051455, 0.9975107, 0, 0.093794174, -0.006630351)
bones/1/scale = Vector3(1, 0.9999999, 1)
bones/2/position = Vector3(2.1684043e-19, 0.10969949, -3.3403633e-10)
bones/3/rest = Transform3D(1, 0, 0, 0, 1, 0, 0, 0, 1, -2.1684043e-19, 0.12537098, -1.2484437e-10)
bones/3/position = Vector3(-2.1684043e-19, 0.12537098, -1.2484437e-10)
bones/4/rest = Transform3D(1, 0, 0, 0, 0.9975107, -0.07051449, 0, 0.07051449, 0.9975107, 0, 0.14104216, -1.0617208e-08)
bones/7/rest = Transform3D(-0.020729423, 0.9486858, -0.31554013, -0.00028008223, -0.31561342, -0.9488878, -0.999785, -0.019581588, 0.006808281, 0.057995275, 0.12113748, -0.0012364119)
bones/7/rotation = Quaternion(-0.56746715, -0.41782412, 0.57947206, -0.4094098)
bones/8/rest = Transform3D(0.99966806, -0.025519507, 0.0035393545, 0.025763778, 0.99018997, -0.13733183, 6.9849193e-09, 0.13737743, 0.99051875, -5.7045306e-11, 0.12506759, -9.659002e-10)
bones/8/position = Vector3(-5.7045306e-11, 0.12506759, -9.659002e-10)
bones/8/rotation = Quaternion(0.06884641, 0.00088701554, 0.0128523875, 0.99754417)
bones/8/scale = Vector3(0.9999999, 1, 0.9999997)
bones/9/rest = Transform3D(0.9998923, -0.014671078, -8.457681e-05, 0.014671321, 0.9998758, 0.0057634776, 9.8807496e-09, -0.0057640984, 0.9999833, -5.1876864e-10, 0.32153523, 1.8257e-09)
bones/9/rotation = Quaternion(-0.0028819835, -2.1147333e-05, 0.0073358286, 0.99996895)
bones/10/rest = Transform3D(0.99443114, 0.088147886, 0.05776256, -0.08622113, 0.9956595, -0.03504494, -0.060600974, 0.029869428, 0.99771506, 3.875001e-10, 0.24308738, 2.6912785e-09)
bones/10/position = Vector3(3.875001e-10, 0.24308738, 2.6912785e-09)
bones/10/rotation = Quaternion(0.016253386, 0.029636096, -0.043658856, 0.9984746)
bones/11/rest = Transform3D(0.4240982, -0.85720444, 0.29213208, 0.9056162, 0.401427, -0.13680488, 2.9802322e-08, 0.32257822, 0.9465428, -0.027035328, 0.019639576, 0.01118243)
bones/12/rest = Transform3D(1, -8.434669e-18, -2.6442941e-17, -4.135903e-24, 0.9527068, -0.30389097, 2.775559e-17, 0.30389097, 0.9527068, 0.005056288, 0.027732741, -1.0161998e-09)
bones/12/position = Vector3(0.005056288, 0.027732741, -1.0161998e-09)
bones/12/rotation = Quaternion(0.1537745, -1.3712734e-17, 2.1340488e-18, 0.988106)
bones/13/rest = Transform3D(1, 7.37199e-19, -2.774578e-17, -1.2924697e-25, 0.9996472, 0.026560392, 2.775557e-17, -0.026560392, 0.9996472, -0.009584496, 0.035118, 2.2881312e-09)
bones/13/position = Vector3(-0.009584496, 0.035118, 2.2881312e-09)
bones/13/rotation = Quaternion(-0.013281369, -1.3876563e-17, -1.8431604e-19, 0.99991184)
bones/16/rest = Transform3D(1, -1.8419442e-19, -1.7249166e-18, 4.006656e-25, 0.99434686, -0.10618064, 1.7347233e-18, 0.10618064, 0.99434686, 6.424074e-05, 0.032848865, -1.4033219e-13)
bones/16/position = Vector3(6.424074e-05, 0.032848865, -1.4033219e-13)
bones/16/rotation = Quaternion(0.053165514, -8.66135e-19, 4.6113927e-20, 0.9985857)
bones/17/rest = Transform3D(1, 2.6558887e-20, -3.469347e-18, -8.84534e-25, 0.9999706, 0.0076548182, 3.469449e-18, -0.0076548182, 0.9999706, -3.7746366e-05, 0.030096333, 1.0676822e-09)
bones/17/position = Vector3(-3.7746366e-05, 0.030096333, 1.0676822e-09)
bones/17/rotation = Quaternion(-0.0038274378, -1.7347119e-18, -6.639993e-21, 0.99999267)
bones/19/rest = Transform3D(0.99825376, -0.058556795, 0.007780937, 0.059071496, 0.98955584, -0.13149074, 4.656613e-09, 0.13172075, 0.9912869, -0.015031982, 0.10081165, -0.004459587)
bones/19/rotation = Quaternion(0.06597549, 0.0019503357, 0.029484214, 0.99738365)
bones/20/rest = Transform3D(1, 3.453927e-18, -3.278105e-19, -3.469448e-18, 0.9955263, -0.09448463, 9.693523e-25, 0.09448463, 0.9955263, 1.265243e-05, 0.035435405, 5.6084093e-10)
bones/20/position = Vector3(1.265243e-05, 0.035435405, 5.6084093e-10)
bones/20/rotation = Quaternion(0.047295243, -8.204469e-20, -1.732783e-18, 0.998881)
bones/21/rest = Transform3D(1, -3.4648824e-18, 4.6875793e-19, 3.4694474e-18, 0.99994874, -0.010116671, -4.3368087e-19, 0.010116671, 0.99994874, -6.2055415e-06, 0.033182174, 2.5002067e-10)
bones/21/position = Vector3(-6.2055415e-06, 0.033182174, 2.5002067e-10)
bones/21/rotation = Quaternion(0.0050584013, 2.2561258e-19, 1.7336049e-18, 0.99998724)
bones/22/rest = Transform3D(1, 3.8163916e-17, 3.0357673e-18, -3.8163916e-17, 1, 3.8436298e-08, -3.0357657e-18, -3.8436298e-08, 1, -6.446697e-06, 0.024989195, -1.2287995e-09)
bones/23/rest = Transform3D(0.99997234, -0.0074038985, 0.00073679606, 0.0074404688, 0.99505734, -0.09902286, 8.731149e-10, 0.0990256, 0.9950849, 0.016025636, 0.10179605, -0.002918432)
bones/24/rest = Transform3D(1, 2.476373e-19, 1.7169573e-18, -1.1632227e-25, 0.9897583, -0.1427531, -1.7347237e-18, 0.1427531, 0.9897583, -1.174357e-05, 0.031909186, 1.4907853e-11)
bones/24/position = Vector3(-1.174357e-05, 0.031909186, 1.4907853e-11)
bones/24/rotation = Quaternion(0.07156, 8.6513817e-19, -6.206847e-20, 0.99743634)
bones/25/rest = Transform3D(1, -1.0025531e-19, 3.4679984e-18, -1.130911e-25, 0.9995824, 0.028896656, -3.4694474e-18, -0.028896656, 0.9995824, 8.474649e-06, 0.030316254, -1.2526336e-10)
bones/25/position = Vector3(8.474649e-06, 0.030316254, -1.2526336e-10)
bones/25/rotation = Quaternion(-0.014449838, 1.7345427e-18, 2.5066421e-20, 0.99989563)
bones/26/rest = Transform3D(1, 2.0816678e-17, -2.4286129e-17, -2.0816678e-17, 1, -6.363352e-08, 2.4286129e-17, 6.363352e-08, 1, 3.2689345e-06, 0.022516694, 2.5907979e-10)
bones/27/rest = Transform3D(0.99359554, 0.11034183, -0.024344023, -0.11299536, 0.9702624, -0.2140629, 9.313226e-10, 0.21544269, 0.9765165, 0.042202644, 0.09660067, -0.00021241586)
bones/27/rotation = Quaternion(0.10818576, -0.0061318805, -0.05625515, 0.99251884)
bones/28/rest = Transform3D(1, -2.680073e-17, 1.564242e-17, 2.7755567e-17, 0.9979098, -0.06462286, -1.3877784e-17, 0.06462286, 0.9979098, -1.0813502e-05, 0.02734675, 4.576266e-10)
bones/28/position = Vector3(-1.0813502e-05, 0.02734675, 4.576266e-10)
bones/28/rotation = Quaternion(0.032328326, 7.3839105e-18, 1.3646207e-17, 0.9994773)
bones/29/rest = Transform3D(1, -2.7743792e-17, -8.087999e-19, 2.775558e-17, 0.99957526, 0.029140085, -5.169879e-26, -0.029140085, 0.99957526, 2.1357127e-05, 0.02286071, 2.561189e-10)
bones/29/position = Vector3(2.1357127e-05, 0.02286071, 2.561189e-10)
bones/29/rotation = Quaternion(-0.014571592, -2.0222146e-19, 1.3876317e-17, 0.99989384)
bones/31/rest = Transform3D(-0.02646768, -0.94868577, 0.3151106, 0.00033423305, -0.31522942, -0.9490155, 0.99964964, -0.025013, 0.008660436, -0.057995275, 0.12116148, -0.0015760546)
bones/31/rotation = Quaternion(0.56570786, -0.41909966, 0.58102447, 0.4083392)
bones/32/rest = Transform3D(0.99941266, 0.033943728, -0.004731734, -0.03427194, 0.9898415, -0.13798334, -1.6298147e-09, 0.13806446, 0.9904232, 8.7358856e-11, 0.12506759, -9.636321e-10)
bones/32/position = Vector3(8.7358856e-11, 0.12506759, -9.636321e-10)
bones/32/rotation = Quaternion(0.35349667, 0.47890836, -0.45680374, 0.66107285)
bones/32/scale = Vector3(1.0000001, 0.99999976, 0.99999946)
bones/33/rest = Transform3D(0.99995786, 0.009151028, 5.614081e-05, -0.009151196, 0.99993944, 0.00613497, 3.8744465e-09, -0.0061352304, 0.9999808, 4.752302e-10, 0.32157785, 3.4276484e-09)
bones/33/position = Vector3(4.752302e-10, 0.32157785, 3.4276484e-09)
bones/33/rotation = Quaternion(0.15116297, 0.10274102, -0.61514187, 0.76693845)
bones/33/scale = Vector3(1.0000004, 1, 0.99999946)
bones/34/rest = Transform3D(0.9953306, -0.07379137, -0.06222458, 0.07225528, 0.9970317, -0.026588336, 0.06400187, 0.02196813, 0.99770796, -2.1229885e-10, 0.24305955, 2.533462e-09)
bones/34/position = Vector3(-2.1229885e-10, 0.24305955, 2.533462e-09)
bones/34/rotation = Quaternion(0.012344406, -0.030648464, -0.11005244, 0.9933765)
bones/35/rest = Transform3D(0.4182738, 0.86485565, -0.27761793, -0.9083211, 0.3982583, -0.12784067, -5.9604645e-08, 0.30563855, 0.9521476, 0.028017318, 0.019885235, 0.010839001)
bones/35/rotation = Quaternion(0.13025728, -0.083422095, -0.53282636, 0.8319675)
bones/36/rest = Transform3D(1, -1.2436513e-17, -3.9732483e-17, 4.5494934e-24, 0.95434254, -0.29871482, 4.1633373e-17, 0.2987149, 0.9543422, -0.00507456, 0.02837053, 1.8769897e-10)
bones/36/position = Vector3(-0.00507456, 0.02837053, 1.8769897e-10)
bones/36/rotation = Quaternion(0.14265613, 0.17442277, 0.32533187, 0.91836)
bones/36/scale = Vector3(1.0000007, 0.99999964, 0.9999993)
bones/37/rest = Transform3D(1.0000015, -5.127506e-17, -5.944607e-17, 5.5511244e-17, 0.99728745, 0.07359814, 5.551124e-17, -0.07359817, 0.9972871, 0.0064965845, 0.03539683, 1.1413746e-09)
bones/37/position = Vector3(0.0064965845, 0.03539683, 1.1413746e-09)
bones/37/rotation = Quaternion(0.083549485, -0.28454158, 0.1967151, 0.93453664)
bones/37/scale = Vector3(1.0000033, 0.9999991, 0.9999979)
bones/39/rest = Transform3D(0.98555255, 0.1668816, -0.028925968, -0.16936995, 0.971073, -0.16831833, -6.519258e-09, 0.17078577, 0.9853081, 0.043634936, 0.10256013, 0.00039996917)
bones/39/rotation = Quaternion(0.08539814, -0.0072845584, -0.08467977, 0.9927152)
bones/40/rest = Transform3D(1.0000001, 8.758152e-19, 1.0371418e-17, 3.4121204e-24, 0.9964544, -0.08414571, -1.040834e-17, 0.08414585, 0.99645275, -6.349585e-05, 0.031766303, 1.4739143e-10)
bones/40/position = Vector3(-6.349585e-05, 0.031766303, 1.4739143e-10)
bones/40/rotation = Quaternion(0.54411, 0.05441597, -0.027139517, 0.8368075)
bones/40/scale = Vector3(0.99999994, 1.0000021, 0.9999979)
bones/41/rest = Transform3D(1, 5.3417034e-19, 6.918301e-18, -1.5509636e-25, 0.9970328, -0.07698195, -6.9388956e-18, 0.07698202, 0.9970319, 1.8119134e-06, 0.029560426, -2.473222e-09)
bones/41/position = Vector3(1.8119134e-06, 0.029560426, -2.473222e-09)
bones/41/rotation = Quaternion(0.3998183, 0.03729504, -0.022523, 0.9155584)
bones/41/scale = Vector3(1, 1.0000024, 0.99999744)
bones/43/rest = Transform3D(0.9996218, 0.027459353, -0.0014312039, -0.027496625, 0.9982668, -0.052030545, -1.7462297e-09, 0.052050218, 0.9986445, 0.015627597, 0.10035028, -0.0032261184)
bones/43/rotation = Quaternion(0.026031476, -0.0003579557, -0.013744955, 0.99956656)
bones/44/rest = Transform3D(1.0000001, -1.4644831e-19, -8.5490915e-19, -2.462155e-24, 0.9856429, -0.16884592, 8.673625e-19, 0.16884609, 0.9856419, -1.1008082e-05, 0.034814037, -1.8735762e-09)
bones/44/position = Vector3(-1.1008082e-05, 0.034814037, -1.8735762e-09)
bones/44/rotation = Quaternion(0.6658501, -0.018625636, -0.0151749905, 0.74569863)
bones/44/scale = Vector3(1.0000005, 1.0000021, 0.99999857)
bones/45/rest = Transform3D(1, 9.503941e-19, 7.7548984e-19, -8.67363e-19, 0.9949043, -0.100824155, -8.6736086e-19, 0.100824155, 0.9949043, 2.2906377e-06, 0.03511906, 5.6627036e-10)
bones/45/position = Vector3(2.2906377e-06, 0.03511906, 5.6627036e-10)
bones/45/rotation = Quaternion(0.34818214, -0.010261129, -0.006267651, 0.9373498)
bones/45/scale = Vector3(0.99999994, 1.0000012, 0.99999875)
bones/47/rest = Transform3D(0.9999671, -0.008085415, 0.0005235971, 0.008102349, 0.997877, -0.064620614, -1.0768416e-09, 0.06462273, 0.9979098, -0.016391287, 0.10385845, -0.0030657575)
bones/47/rotation = Quaternion(0.032328, 0.00013096904, 0.0040490907, 0.9994691)
bones/48/rest = Transform3D(0.99999994, 7.1423427e-25, 9.71521e-25, -5.211147e-25, 0.9825583, -0.1859571, -1.0873929e-24, 0.1859573, 0.98255724, 1.6836728e-05, 0.031466797, -2.183144e-09)
bones/48/position = Vector3(1.6836728e-05, 0.031466797, -2.183144e-09)
bones/48/rotation = Quaternion(0.6773598, -0.040468454, -0.011534537, 0.7344474)
bones/48/scale = Vector3(1.0000001, 1.0000019, 0.9999985)
bones/49/rest = Transform3D(1, 3.4669824e-18, 1.3074927e-19, -3.469447e-18, 0.9992896, 0.03768585, -2.003328e-25, -0.03768585, 0.9992896, -1.24096905e-05, 0.031126378, 6.500489e-10)
bones/49/position = Vector3(-1.24096905e-05, 0.031126378, 6.500489e-10)
bones/49/rotation = Quaternion(0.3460051, -0.024738707, -0.0050917245, 0.9378927)
bones/49/scale = Vector3(1, 1.0000013, 0.9999987)
bones/51/rest = Transform3D(0.9942056, -0.10543398, 0.020951455, 0.10749553, 0.97513866, -0.19377601, 0, 0.19490536, 0.980822, -0.042871244, 0.100714974, -2.4632725e-05)
bones/51/rotation = Quaternion(0.09778135, 0.0052707996, 0.053567108, 0.9937513)
bones/52/rest = Transform3D(0.99999994, 1.3785643e-17, -1.5966248e-18, -1.3877785e-17, 0.9933604, -0.11504895, 1.0339757e-25, 0.1150491, 0.9933591, 2.3101957e-06, 0.026490549, 4.1302228e-10)
bones/52/rotation = Quaternion(0.6106133, -0.09374297, 0.0070280605, 0.78632975)
bones/52/scale = Vector3(1, 1.0000018, 0.99999833)
bones/53/rest = Transform3D(1, 3.673706e-19, -6.929163e-18, 0, 0.9985975, 0.052943673, 6.938895e-18, -0.052943673, 0.9985975, -3.310034e-05, 0.022858087, -2.46132e-11)
bones/53/rotation = Quaternion(0.28391364, -0.051215816, 0.0054492936, 0.9574656)
bones/53/scale = Vector3(1, 1.0000018, 0.99999833)
bones/55/rest = Transform3D(-0.9969597, 0.07791892, 4.656613e-10, -0.07788145, -0.99648005, -0.031012759, -0.0024164806, -0.03091847, 0.999519, 0.09428502, -0.0522274, 0.0010703832)
bones/55/rotation = Quaternion(-0.00060465245, -0.015496454, 0.99911946, -0.03898442)
bones/56/rest = Transform3D(0.9999333, -0.011551767, 7.3013753e-06, 0.0115517685, 0.99993306, -0.0006320132, -1.7053026e-11, 0.00063205534, 0.9999998, 2.1274127e-09, 0.45379922, 4.528904e-10)
bones/56/rotation = Quaternion(0.0003160225, 1.8253788e-06, 0.005775981, 0.9999834)
bones/57/rest = Transform3D(0.98956025, 0.13187043, 0.0581441, 1.4901161e-08, 0.40344244, -0.915005, -0.14411992, 0.90545255, 0.3992306, 2.267999e-09, 0.40113991, 6.134224e-10)
bones/58/rest = Transform3D(0.9997494, -0.009493111, -0.020273777, 7.916242e-09, 0.9056345, -0.42405915, 0.022386273, 0.42395288, 0.90540755, -8.048706e-11, 0.15774393, 2.5721754e-09)
bones/58/position = Vector3(-8.048706e-11, 0.15774393, 2.5721754e-09)
bones/58/rotation = Quaternion(0.21720232, -0.010926569, 0.0024314835, 0.9760625)
bones/60/rest = Transform3D(-0.9969598, -0.07792041, 0, 0.077884406, -0.9964993, -0.030392913, 0.002368228, -0.030300511, 0.999538, -0.09428502, -0.0522274, 0.0010456878)
bones/60/rotation = Quaternion(0.00059257593, -0.0151866535, 0.9991242, 0.038985338)
bones/61/rest = Transform3D(0.999933, 0.011576285, -0.0001139049, -0.011576845, 0.9998846, -0.009838355, 1.4915713e-10, 0.009839014, 0.9999516, 1.5490087e-10, 0.45379063, 7.7176576e-10)
bones/61/position = Vector3(1.5490087e-10, 0.45379063, 7.7176576e-10)
bones/62/rest = Transform3D(0.9889603, -0.13444927, -0.06229641, 0, 0.42040902, -0.90733474, 0.14818047, 0.89731807, 0.41576785, -1.3536307e-09, 0.40104026, 2.3713204e-10)
bones/62/position = Vector3(-1.3536307e-09, 0.40104026, 2.3713204e-10)
bones/62/rotation = Quaternion(0.53683877, -0.06261157, 0.03999528, 0.84040725)
bones/63/rest = Transform3D(0.99950725, 0.013566382, 0.028305756, 9.313226e-09, 0.9017761, -0.43220356, -0.031388894, 0.4319906, 0.9013317, 7.385962e-10, 0.15485546, 3.2206293e-09)
bones/63/rotation = Quaternion(0.22158489, 0.015306089, -0.0034785047, 0.97501475)

[node name="SM_earth_body" parent="Skeleton3D" index="0" unique_id=1292368073]
surface_material_override/0 = ExtResource("2_vphkv")

[node name="AnimationPlayer" parent="." index="1" unique_id=1987745253]
libraries/test = SubResource("AnimationLibrary_vphkv")
